912 619 1271 1086 
958 723 1455 1164 
812 469 994 943 
721 654 1266 903 
907 784 1537 1135 
678 637 1225 852 
465 674 1233 679 
1009 706 1442 1207 
357 524 965 521 
411 260 549 487 
949 698 1413 1148 
920 750 1488 1135 
972 557 1178 1123 
993 515 1117 1126 
1019 532 1153 1159 
568 689 1290 787 
946 766 1519 1165 
567 635 1203 768 
908 750 1486 1125 
623 713 1348 850 
934 700 1412 1135 
580 719 1343 809 
757 790 1494 984 
715 755 1425 933 
994 760 1523 1211 
493 616 1154 695 
1005 762 1533 1222 
1018 822 1632 1255 
971 549 1165 1119 
612 677 1287 827 
595 668 1264 807 
841 490 1054 972 
952 776 1540 1177 
984 783 1561 1210 
798 754 1450 1009 
712 778 1462 938 
867 509 1093 1003 
1029 710 1454 1227 
1023 784 1572 1247 
690 520 1028 831 
980 720 1455 1182 
481 476 909 629 
993 515 1117 1126 
962 547 1158 1108 
706 725 1375 914 
512 706 1305 744 
913 741 1468 1127 
969 771 1538 1192 
612 476 952 760 
628 668 1275 840 
960 779 1546 1184 
565 656 1236 773 
918 791 1552 1148 
965 543 1178 1108 
788 781 1487 1010 
907 784 1537 1135 
693 694 1322 891 
618 680 1295 834 
733 723 1381 938 
612 689 1307 831 
595 668 1264 807 
841 490 1054 972 
952 776 1540 1177 
984 783 1561 1210 
775 559 1139 921 
761 674 1302 949 
858 472 1033 979 
931 697 1406 1131 
431 734 1314 661 
839 546 1146 988 
787 754 1442 1000 
712 746 1410 927 
674 650 1250 857 
1003 511 1115 1136 
975 810 1601 1210 
935 549 1180 1082 
949 698 1413 1148 
920 750 1488 1135 
413 635 1149 610 
1022 794 1589 1248 
994 704 1433 1190 
985 762 1522 1203 
962 547 1158 1108 
958 723 1455 1164 
1021 513 1123 1153 
998 752 1509 1210 
971 549 1165 1119 
612 677 1287 827 
518 646 1209 730 
960 779 1546 1184 
565 656 1236 773 
918 791 1552 1148 
965 543 1178 1108 
880 520 1117 1021 
935 537 1159 1077 
994 690 1413 1188 
769 772 1472 988 
621 647 1240 826 
797 770 1470 1015 
800 807 1533 1030 
944 539 1161 1087 
878 449 976 1000 
1001 750 1513 1214 
989 503 1097 1118 
634 713 1352 861 
565 725 1348 796 
584 662 1251 794 
952 771 1530 1173 
1003 728 1476 1209 
708 724 1376 915 
972 563 1186 1123 
910 489 1052 1039 
1028 768 1550 1245 
989 503 1097 1118 
585 710 1331 811 
997 819 1621 1233 
770 715 1377 970 
918 718 1436 1125 
891 521 1118 1028 
950 714 1438 1153 
399 509 956 558 
472 192 452 514 
882 497 1075 1011 
415 514 950 571 
785 762 1458 1000 
1003 739 1490 1210 
-833 130 -57 -747 
937 522 1113 1078 
959 792 1565 1187 
717 766 1442 939 
959 546 1180 1102 
921 731 1454 1130 
882 506 1093 1017 
716 654 1270 897 
402 296 602 490 
915 493 1061 1047 
550 520 988 701 
867 509 1093 1003 
938 570 1215 1091 
910 767 1510 1132 
612 674 1282 826 
773 698 1350 967 
959 566 1187 1112 
977 442 991 1086 
1001 813 1612 1234 
571 710 1328 797 
569 683 1285 786 
555 680 1274 771 
755 740 1412 965 
835 487 1046 964 
762 773 1467 983 
712 746 1410 927 
939 762 1513 1158 
841 523 1109 983 
956 711 1433 1156 
896 539 1126 1043 
612 647 1237 817 
797 770 1470 1015 
791 780 1488 1012 
837 500 1068 970 
756 774 1470 977 
942 771 1528 1166 
994 738 1492 1203 
706 764 1440 927 
499 652 1215 713 
950 543 1173 1093 
971 750 1502 1183 
409 637 1155 606 
437 740 1324 669 
781 750 1438 992 
483 461 908 626 
1017 777 1559 1237 
963 531 1135 1106 
612 671 1277 825 
623 671 1278 836 
934 700 1412 1135 
568 665 1250 779 
699 695 1325 897 
924 544 1161 1067 
833 483 1021 966 
1019 532 1153 1159 
568 698 1304 790 
974 770 1533 1194 
952 553 1166 1103 
612 674 1282 826 
496 616 1155 698 
1032 729 1485 1236 
803 775 1485 1021 
793 726 1402 995 
705 757 1427 924 
980 720 1455 1182 
612 689 1307 831 
561 647 1220 766 
960 704 1423 1158 
571 647 1223 776 
882 521 1118 1022 
1009 758 1526 1225 
993 515 1117 1126 
938 525 1118 1080 
951 797 1573 1183 
595 683 1292 812 
1055 568 1219 1204 
628 707 1340 853 
960 779 1546 1184 
565 656 1236 773 
918 791 1552 1148 
979 585 1248 1136 
702 191 520 744 
792 779 1485 1013 
1015 810 1612 1247 
1022 555 1190 1170 
612 476 952 760 
606 638 1221 808 
1032 729 1485 1236 
803 775 1485 1021 
793 726 1402 995 
940 535 1156 1080 
1015 758 1528 1231 
993 742 1495 1201 
904 486 1046 1033 
933 778 1535 1158 
945 308 779 1009 
950 714 1438 1153 
399 509 956 558 
494 258 562 558 
882 497 1075 1011 
410 499 925 561 
710 740 1400 923 
980 720 1455 1182 
904 420 936 1011 
918 733 1460 1128 
993 515 1117 1126 
1007 556 1185 1153 
968 780 1551 1193 
595 683 1292 812 
489 257 559 553 
413 533 979 576 
663 631 1217 840 
989 503 1097 1118 
634 713 1352 861 
618 686 1305 836 
720 800 1500 953 
996 762 1529 1212 
722 766 1446 943 
585 692 1301 805 
700 550 1078 851 
817 760 1460 1030 
865 505 1087 1001 
970 699 1418 1165 
726 799 1495 954 
959 546 1180 1102 
894 527 1132 1036 
912 755 1490 1130 
905 561 1188 1054 
944 780 1543 1169 
924 714 1431 1128 
1006 725 1471 1211 
415 676 1220 625 
367 66 236 350 
905 -99 88 834 
944 537 1162 1086 
883 706 1405 1086 
622 647 1240 827 
732 800 1504 964 
1030 793 1588 1254 
619 674 1282 833 
1031 561 1201 1179 
967 725 1458 1172 
621 647 1240 826 
792 755 1445 1005 
632 704 1318 833 
1022 794 1589 1248 
994 704 1433 1190 
962 547 1158 1108 
701 710 1350 904 
693 706 1342 895 
997 764 1529 1213 
993 515 1117 1126 
900 495 1058 1031 
619 713 1347 846 
934 547 1150 1082 
880 491 1046 1011 
619 686 1302 837 
700 550 1078 851 
996 762 1529 1212 
726 778 1466 951 
934 748 1492 1151 
277 244 485 355 
969 743 1489 1183 
763 708 1364 961 
1013 781 1565 1236 
839 486 1046 968 
787 778 1482 1008 
569 656 1240 777 
700 752 1420 917 
1012 785 1571 1237 
747 774 1466 969 
879 551 1167 1029 
855 548 1153 1003 
950 737 1477 1162 
555 638 1204 757 
998 720 1462 1201 
905 297 751 969 
909 783 1536 1137 
745 553 1121 891 
1000 700 1425 1195 
608 704 1325 832 
962 422 958 1069 
985 742 1494 1195 
612 476 952 760 
773 698 1350 967 
1013 781 1565 1236 
839 486 1046 968 
1014 792 1585 1241 
595 665 1259 806 
739 764 1448 958 
870 518 1107 1007 
950 797 1572 1181 
243 322 599 347 
824 533 1096 974 
595 641 1222 798 
634 671 1282 847 
765 762 1454 981 
918 718 1436 1125 
787 766 1462 1004 
865 505 1087 1001 
905 501 1088 1034 
758 761 1447 975 
978 795 1576 1206 
952 514 1125 1085 
711 620 1212 881 
402 296 602 490 
915 493 1061 1047 
529 457 883 659 
957 747 1492 1172 
634 668 1277 846 
571 716 1336 799 
993 515 1117 1126 
1019 532 1153 1159 
349 637 1133 546 
781 750 1438 992 
612 677 1287 827 
788 781 1487 1010 
958 759 1515 1176 
993 515 1117 1126 
946 547 1154 1094 
1020 502 1106 1149 
715 746 1414 929 
969 733 1476 1177 
712 778 1462 938 
865 505 1087 1001 
568 584 1115 752 
879 551 1167 1029 
713 626 1222 885 
937 757 1503 1157 
715 564 1124 865 
404 427 805 531 
812 815 1549 1044 
367 66 236 350 
903 -161 -10 810 
986 806 1595 1216 
837 509 1083 973 
1020 816 1625 1255 
904 486 1046 1033 
933 778 1535 1158 
989 503 1097 1118 
565 722 1343 795 
585 665 1256 796 
1013 541 1165 1156 
988 768 1533 1206 
417 692 1244 633 
912 705 1412 1113 
980 756 1518 1197 
815 787 1505 1037 
994 766 1531 1211 
958 762 1520 1177 
1055 568 1219 1204 
628 707 1340 853 
960 779 1546 1184 
455 634 1170 663 
918 791 1552 1148 
965 543 1178 1108 
882 497 1075 1011 
974 770 1535 1192 
891 521 1118 1028 
970 696 1413 1164 
880 491 1046 1011 
619 686 1302 837 
993 515 1117 1126 
1007 578 1219 1160 
993 515 1117 1126 
618 698 1325 840 
698 734 1390 909 
612 692 1312 832 
581 626 1194 779 
775 758 1450 989 
977 757 1516 1193 
310 544 978 476 
475 503 949 632 
993 515 1117 1126 
1019 532 1153 1159 
605 692 1307 825 
977 765 1524 1194 
917 522 1128 1054 
754 768 1460 973 
792 767 1465 1009 
718 764 1440 939 
907 784 1537 1135 
790 775 1477 1010 
924 527 1137 1061 
855 548 1153 1003 
919 797 1562 1151 
994 810 1606 1229 
945 558 1171 1097 
971 549 1165 1119 
634 698 1327 856 
774 789 1499 999 
894 756 1489 1113 
953 485 1053 1081 
1013 759 1528 1228 
951 776 1538 1176 
249 286 541 341 
848 486 1030 981 
634 695 1322 855 
565 725 1348 796 
603 638 1220 805 
907 523 1126 1048 
1005 544 1167 1149 
929 303 767 993 
1004 727 1473 1209 
634 728 1377 866 
785 822 1554 1021 
923 543 1164 1066 
1012 747 1508 1223 
993 515 1117 1126 
1020 502 1106 1149 
690 545 1093 837 
933 695 1398 1130 
1055 568 1219 1204 
1043 575 1227 1196 
945 308 779 1009 
701 759 1423 917 
902 513 1110 1038 
882 497 1075 1011 
937 794 1563 1167 
565 677 1268 780 
565 650 1226 771 
927 750 1487 1143 
948 716 1439 1150 
555 680 1274 771 
999 770 1543 1216 
612 674 1282 826 
621 683 1296 838 
988 709 1439 1186 
568 665 1250 779 
993 776 1549 1213 
768 754 1442 981 
712 778 1462 938 
720 770 1450 943 
996 762 1529 1212 
645 733 1369 855 
972 726 1463 1176 
1018 822 1632 1255 
938 525 1118 1080 
951 797 1573 1183 
387 602 1094 573 
791 776 1480 1011 
1006 804 1600 1237 
915 493 1061 1047 
957 507 1095 1091 
1012 792 1581 1238 
1055 568 1219 1204 
890 526 1104 1033 
792 815 1545 1025 
701 713 1355 905 
917 720 1438 1123 
934 740 1478 1147 
723 448 946 834 
403 433 815 532 
870 494 1067 999 
855 548 1153 1003 
903 734 1457 1114 
980 802 1587 1209 
561 707 1320 786 
960 704 1423 1158 
585 707 1326 810 
1055 568 1219 1204 
628 707 1340 853 
960 779 1546 1184 
565 656 1236 773 
918 791 1552 1148 
977 579 1238 1132 
929 303 767 993 
1003 751 1510 1214 
938 498 1076 1071 
915 503 1094 1044 
999 749 1506 1212 
857 443 987 971 
971 738 1479 1179 
732 749 1419 947 
571 698 1306 793 
993 515 1117 1126 
904 486 1046 1033 
933 778 1535 1158 
901 339 815 979 
792 245 630 846 
986 510 1108 1119 
978 505 1098 1110 
747 744 1416 959 
585 668 1261 797 
1009 744 1502 1220 
977 795 1574 1204 
891 521 1118 1028 
957 754 1506 1171 
882 545 1158 1030 
1012 747 1508 1223 
1007 519 1129 1143 
947 513 1122 1080 
943 785 1552 1170 
634 668 1277 846 
569 674 1270 783 
720 812 1520 957 
923 543 1164 1066 
758 761 1447 975 
978 795 1576 1206 
930 448 1015 1041 
787 778 1482 1008 
621 713 1346 848 
919 502 1094 1048 
1020 816 1625 1255 
904 486 1046 1033 
933 778 1535 1158 
571 497 971 726 
693 529 1043 837 
908 591 1237 1069 
915 493 1061 1047 
993 515 1117 1126 
563 698 1303 785 
935 540 1165 1079 
778 783 1489 1001 
772 793 1503 999 
700 710 1350 903 
918 718 1436 1125 
773 724 1392 976 
914 549 1172 1060 
855 548 1153 1003 
986 806 1595 1216 
325 553 993 494 
612 692 1312 832 
788 743 1425 997 
971 786 1560 1198 
478 479 912 627 
585 683 1289 802 
792 826 1562 1029 
788 771 1473 1006 
944 537 1162 1086 
722 765 1443 943 
948 716 1442 1153 
928 496 1070 1061 
962 547 1158 1108 
700 707 1345 902 
964 767 1527 1183 
958 759 1513 1178 
561 494 963 715 
634 665 1272 845 
554 674 1265 768 
603 665 1265 814 
997 810 1606 1230 
612 647 1237 817 
684 739 1387 894 
998 692 1417 1192 
935 528 1145 1075 
1011 773 1550 1232 
817 496 1056 950 
722 783 1473 949 
1030 793 1588 1254 
619 674 1282 833 
1029 555 1191 1175 
1001 733 1480 1206 
1004 506 1106 1133 
612 692 1312 832 
613 686 1298 831 
745 759 1441 962 
805 724 1400 1006 
925 505 1100 1054 
921 731 1454 1130 
837 506 1078 972 
1044 741 1507 1252 
938 739 1477 1152 
917 718 1434 1124 
230 409 743 351 
